# Created by Octave 4.0.3, Tue Jan 17 05:51:19 2017 GMT <unknown@Home>
# name: neg_examples_nobias
# type: matrix
# rows: 6
# columns: 2
 0.1 0.05
 0.2 0.1
 0.3 0.15
 0.4 0.2
 0.5 0.3
 0.6 0.55


# name: pos_examples_nobias
# type: matrix
# rows: 7
# columns: 2
 0.1 0.9
 0.2 0.8
 0.3 0.75
 0.5 0.75
 0.7 0.65
 0.8 0.6
 0.9 0.7


