# Created by Octave 4.0.3, Mon Jan 16 21:18:18 2017 GMT <unknown@Home>
# name: neg_examples_nobias
# type: matrix
# rows: 10
# columns: 2
 0.1 0.1
 0.1 0.2
 0.1 0.3
 0.2 0.3
 0.3 0.3
 0.2 0.3
 0.2 0.2
 0.3 0.1
 0.2 0.1
 0.3 0.2


# name: pos_examples_nobias
# type: matrix
# rows: 11
# columns: 2
 0.4 0.5
 0.4 0.7
 0.4 0.8
 0.6 0.5
 0.7 0.5
 0.6 0.6
 0.7 0.7
 0.1 0.5
 0.2 0.5
 0.5 0.2
 0.4 0.2


